Year,Semester,Quiz/Exam,Student ID,Coding Problem,Earned Score,Maximum Score,Distance,Distance Z-score
2013,spring,quiz4,s18f746e0,BodyType,5,5,10.714285714285714,-0.7954752577289984
2013,spring,quiz4,s23f81012,BodyType,5,5,18.542857142857144,1.8625762132191184
2013,spring,quiz4,s27774cef,BodyType,5,5,13.914285714285716,0.2910275333154879
2013,spring,quiz4,s407c0b0f,BodyType,5,5,11.82857142857143,-0.4171394644188646
2013,spring,quiz4,s483bc3e,BodyType,5,5,12.6,-0.1552146844349265
2013,spring,quiz4,s564281ce,BodyType,5,5,20.857142857142858,2.6483505531709333
2013,spring,quiz4,s568e6c7b,BodyType,5,5,15.085714285714284,0.6887651621799856
2013,spring,quiz4,s57c38b49,BodyType,5,5,11.571428571428571,-0.504447724413511
2013,spring,quiz4,s5abb4733,BodyType,5,5,16.914285714285715,1.3096238999196923
2013,spring,quiz4,s5bd13671,BodyType,5,5,10.742857142857142,-0.7857743399518156
2013,spring,quiz4,s663f70e4,BodyType,5,5,13.371428571428572,0.1067100955490121
2013,spring,quiz4,s6d684e40,BodyType,5,5,14.028571428571428,0.3298312044242188
2013,spring,quiz4,s74625dd,BodyType,5,5,13.82857142857143,0.2619247799839387
2013,spring,quiz4,s7685a175,BodyType,5,5,10.571428571428571,-0.8439798466149128
2013,spring,quiz4,s7ccd28a3,BodyType,5,5,12.257142857142858,-0.271625697761121
2013,spring,quiz4,s7fe50145,BodyType,5,5,9.857142857142858,-1.086502791044485
2013,spring,quiz4,s81792444,BodyType,5,5,17.82857142857143,1.6200532687895457
2013,spring,quiz4,sa6af7077,BodyType,5,5,12.4,-0.2231211088752066
2013,spring,quiz4,sad8416a9,BodyType,5,5,15.457142857142856,0.8148770932833636
2013,spring,quiz4,sae45b238,BodyType,5,5,9.685714285714283,-1.1447082977075835
2013,spring,quiz4,sbb84155e,BodyType,5,5,15.628571428571428,0.8730825999464613
2013,spring,quiz4,sc07e0f8a,BodyType,5,5,12.8,-0.0873082599946458
2013,spring,quiz4,sc2ea6ca8,BodyType,5,5,14.085714285714284,0.3492330399785839
2013,spring,quiz4,sc6713607,BodyType,5,5,9.685714285714283,-1.1447082977075835
2013,spring,quiz4,sd51cb744,BodyType,5,5,14.657142857142857,0.5432513955222426
2013,spring,quiz4,sd9363351,BodyType,5,5,11.085714285714284,-0.669363326625621
2013,spring,quiz4,sdb4c4aed,BodyType,5,5,11.971428571428572,-0.3686348755329502
2013,spring,quiz4,sddb081b4,BodyType,5,5,11.057142857142855,-0.679064244402804
2013,spring,quiz4,sea449dee,BodyType,5,5,9.82857142857143,-1.096203708821668
2013,spring,quiz4,sed47133e,BodyType,5,5,12.685714285714283,-0.1261119311033785
2013,spring,quiz4,sef55ce71,BodyType,5,5,12.4,-0.2231211088752066
2013,spring,quiz4,sf0f03a1e,BodyType,5,5,12.142857142857142,-0.310429368869853
2013,spring,quiz4,sf3e641eb,BodyType,5,5,20.428571428571427,2.502836786513189
2013,spring,quiz4,sf6f33c5f,BodyType,5,5,9.914285714285716,-1.0671009554901187
2013,spring,quiz4,sfe2341ab,BodyType,5,5,9.914285714285716,-1.0671009554901187
2013,spring,quiz4,sfed34002,BodyType,5,5,9.714285714285714,-1.1350073799304
2013,fall,midterm1,s3551f054,BreakDownNumber,10,10,24.428571428571427,0.3461271053331335
2013,fall,midterm1,s3752a3d2,BreakDownNumber,10,10,23.285714285714285,0.0467739331531266
2013,fall,midterm1,s3b5db8f5,BreakDownNumber,10,10,21.428571428571427,-0.4396749716393849
2013,fall,midterm1,s7c1c9d2e,BreakDownNumber,10,10,20.571428571428573,-0.6641898507743894
2013,fall,midterm1,s8d81cf8b,BreakDownNumber,10,10,21.285714285714285,-0.4770941181618857
2013,fall,midterm1,s9bd61dd,BreakDownNumber,10,10,31.0,2.0674078453681743
2013,fall,midterm1,scad74c3a,BreakDownNumber,10,10,25.571428571428573,0.6454802775131413
2013,fall,midterm1,sce9b742f,BreakDownNumber,10,10,17.285714285714285,-1.5248302207919102
2013,fall,midterm1,s185bfebd,Cardio,10,10,14.545454545454543,0.366412327065922
2013,fall,midterm1,s1ca6c9e5,Cardio,10,10,16.939393939393938,1.360537085145791
2013,fall,midterm1,s1e11464e,Cardio,10,10,16.09090909090909,1.0081890696238125
2013,fall,midterm1,s1f00f8e9,Cardio,10,10,11.787878787878787,-0.7787187233805084
2013,fall,midterm1,s2f86ca57,Cardio,10,10,11.090909090909092,-1.0681474504164188
2013,fall,midterm1,s3551f054,Cardio,10,10,12.242424242424242,-0.5899608579223052
2013,fall,midterm1,s3752a3d2,Cardio,10,10,11.757575757575758,-0.7913025810777216
2013,fall,midterm1,s3871c520,Cardio,10,10,15.181818181818182,0.6306733387074069
2013,fall,midterm1,s3b5db8f5,Cardio,10,10,11.212121212121213,-1.0178120196275648
2013,fall,midterm1,s3f27df0f,Cardio,10,10,11.0,-1.1058990235080597
2013,fall,midterm1,s4818f91f,Cardio,10,10,11.242424242424242,-1.0052281619303516
2013,fall,midterm1,s55ec4057,Cardio,10,10,12.090909090909092,-0.6528801464083724
2013,fall,midterm1,s6c6b85b5,Cardio,10,10,13.12121212121212,-0.2250289847031136
2013,fall,midterm1,s73afdd31,Cardio,10,10,11.030303030303031,-1.093315165810846
2013,fall,midterm1,s7c1c9d2e,Cardio,10,10,11.909090909090908,-0.7283832925916544
2013,fall,midterm1,s7dfc8641,Cardio,10,10,10.515151515151516,-1.307240746663476
2013,fall,midterm1,s8d81cf8b,Cardio,10,10,12.515151515151516,-0.4767061386473832
2013,fall,midterm1,s985b5480,Cardio,10,10,18.33333333333333,1.939394539217612
2013,fall,midterm1,s9bd61dd,Cardio,10,10,16.696969696969695,1.2598662235680829
2013,fall,midterm1,s9c2e126f,Cardio,10,10,11.666666666666666,-0.8290541541693625
2013,fall,midterm1,s9fb8e2c9,Cardio,10,10,17.272727272727273,1.4989595198151406
2013,fall,midterm1,sa1918ccc,Cardio,10,10,16.515151515151516,1.1843630773848024
2013,fall,midterm1,sac345013,Cardio,10,10,13.06060606060606,-0.2501967000975399
2013,fall,midterm1,sbe8b1628,Cardio,10,10,16.303030303030305,1.0962760735043082
2013,fall,midterm1,scad74c3a,Cardio,10,10,11.12121212121212,-1.0555635927192064
2013,fall,midterm1,sce9b742f,Cardio,10,10,13.212121212121213,-0.187277411611472
2013,fall,midterm1,sd2c29562,Cardio,10,10,12.0,-0.6906317195000133
2013,fall,midterm1,sd9c4ec42,Cardio,10,10,11.333333333333334,-0.9674765888387108
2013,fall,midterm1,sed334770,Cardio,10,10,15.272727272727272,0.6684249117990472
2013,fall,midterm1,seeeebe19,Cardio,10,10,16.757575757575758,1.2850339389625105
2013,fall,midterm1,sef2a3ebc,Cardio,10,10,11.848484848484848,-0.7535510079860813
2013,fall,midterm1,sf1424e10,Cardio,10,10,15.666666666666666,0.8320150618628233
2013,fall,midterm1,sfc3bcc7d,Cardio,10,10,17.939393939393938,1.775804389153837
2013,fall,midterm1,sfee6ffa8,Cardio,10,10,15.272727272727272,0.6684249117990472
2013,spring,quiz9x,s23f81012,Cheaper,5,5,15.666666666666666,-0.8880764161855432
2013,spring,quiz9x,s29d1098c,Cheaper,5,5,39.16666666666666,2.310943374964568
2013,spring,quiz9x,s2ccaa61c,Cheaper,5,5,21.166666666666668,-0.1393696565546657
2013,spring,quiz9x,s7ccd28a3,Cheaper,5,5,19.5,-0.3662504928064468
2013,spring,quiz9x,sb7db06e9,Cheaper,5,5,23.166666666666668,0.1328873469474715
2013,spring,quiz9x,sd51cb744,Cheaper,5,5,20.33333333333333,-0.252810074680557
2013,spring,quiz9x,sef55ce71,Cheaper,5,5,16.333333333333332,-0.7973240816848309
2013,fall,midterm1,s185bfebd,DashSquare,10,10,11.25,-0.7817194105711022
2013,fall,midterm1,s1f00f8e9,DashSquare,10,10,13.083333333333334,-0.4707712166582574
2013,fall,midterm1,s3b5db8f5,DashSquare,10,10,13.916666666666666,-0.3294311285160555
2013,fall,midterm1,s73d002a2,DashSquare,10,10,15.75,-0.0184829346032108
2013,fall,midterm1,s7c1c9d2e,DashSquare,10,10,15.75,-0.0184829346032108
2013,fall,midterm1,s8d81cf8b,DashSquare,10,10,15.0,-0.1456890139311927
2013,fall,midterm1,s985b5480,DashSquare,10,10,11.25,-0.7817194105711022
2013,fall,midterm1,s9bd61dd,DashSquare,10,10,15.25,-0.103286987488532
2013,fall,midterm1,sb6c9f56a,DashSquare,10,10,14.833333333333334,-0.173957031559633
2013,fall,midterm1,sce9b742f,DashSquare,10,10,12.5,-0.5697092783577989
2013,fall,midterm1,sd9c4ec42,DashSquare,10,10,12.583333333333334,-0.5555752695435787
2013,fall,midterm1,sfc3bcc7d,DashSquare,10,10,20.33333333333333,0.7588875501788999
2014,fall,exam1b,sde957452,DashSquare,5,5,34.666666666666664,3.1899370662247764
2013,spring,quiz7,s18f746e0,DoubleLen,6,6,5.823529411764706,0.1544336709238143
2013,spring,quiz7,s23f81012,DoubleLen,6,6,7.294117647058823,1.093557345460523
2013,spring,quiz7,s29d1098c,DoubleLen,6,6,6.0,0.2671285118682195
2013,spring,quiz7,s2ccaa61c,DoubleLen,6,6,6.529411764705882,0.6052130347014345
2013,spring,quiz7,s568e6c7b,DoubleLen,6,6,7.647058823529412,1.3189470273493331
2013,spring,quiz7,s57c38b49,DoubleLen,6,6,4.823529411764706,-0.4841704277611475
2013,spring,quiz7,s663f70e4,DoubleLen,6,6,5.882352941176471,0.1919986179052831
2013,spring,quiz7,s6d684e40,DoubleLen,6,6,3.5294117647058822,-1.310599261353451
2013,spring,quiz7,s81792444,DoubleLen,6,6,5.941176470588236,0.2295635648867518
2013,spring,quiz7,saffd1abc,DoubleLen,6,6,3.5294117647058822,-1.310599261353451
2013,spring,quiz7,sc2ea6ca8,DoubleLen,6,6,4.823529411764706,-0.4841704277611475
2013,spring,quiz7,sd51cb744,DoubleLen,6,6,3.5294117647058822,-1.310599261353451
2013,spring,quiz7,sd9363351,DoubleLen,6,6,3.5294117647058822,-1.310599261353451
2013,spring,quiz7,sdb4c4aed,DoubleLen,6,6,6.588235294117647,0.6427779816829028
2013,spring,quiz7,sea449dee,DoubleLen,6,6,4.882352941176471,-0.4466054807796787
2013,spring,quiz7,sed47133e,DoubleLen,6,6,9.529411764705882,2.52102533075632
2013,spring,quiz7,sf3e641eb,DoubleLen,6,6,5.705882352941177,0.0793037769608779
2013,spring,quiz7,sfed34002,DoubleLen,6,6,4.882352941176471,-0.4466054807796787
2013,fall,quiz1,s1a555e8d,DoublePentagon,7,7,4.954545454545454,-1.1408965009383358
2013,fall,quiz1,s1ca6c9e5,DoublePentagon,7,7,5.727272727272728,-0.7357279887976546
2013,fall,quiz1,s1e11464e,DoublePentagon,7,7,8.090909090909092,0.5036109895150154
2013,fall,quiz1,s1f00f8e9,DoublePentagon,7,7,6.227272727272728,-0.4735601280007435
2013,fall,quiz1,s1f23c370,DoublePentagon,7,7,4.954545454545454,-1.1408965009383358
2013,fall,quiz1,s372a0966,DoublePentagon,7,7,5.863636363636363,-0.6642276631257705
2013,fall,quiz1,s3752a3d2,DoublePentagon,7,7,5.909090909090909,-0.640394221235142
2013,fall,quiz1,s3b5db8f5,DoublePentagon,7,7,8.0,0.4559441057337584
2013,fall,quiz1,s3f27df0f,DoublePentagon,7,7,5.727272727272728,-0.7357279887976546
2013,fall,quiz1,s7c1c9d2e,DoublePentagon,7,7,6.954545454545454,-0.092225057750692
2013,fall,quiz1,s7dfc8641,DoublePentagon,7,7,8.454545454545455,0.6942785246400414
2013,fall,quiz1,s8d81cf8b,DoublePentagon,7,7,5.727272727272728,-0.7357279887976546
2013,fall,quiz1,sb6c9f56a,DoublePentagon,7,7,12.363636363636363,2.743954527234072
2013,fall,quiz1,sbe8b1628,DoublePentagon,7,7,7.090909090909091,-0.020724732078807
2013,fall,quiz1,scad74c3a,DoublePentagon,7,7,6.909090909090909,-0.11605849964132
2013,fall,quiz1,sce9b742f,DoublePentagon,7,7,11.0,2.028951270515224
2013,fall,quiz1,sd2c29562,DoublePentagon,7,7,10.045454545454543,1.5284489908120291
2013,fall,quiz1,sd9c4ec42,DoublePentagon,7,7,7.090909090909091,-0.020724732078807
2013,fall,quiz1,sddd4a271,DoublePentagon,7,7,4.954545454545454,-1.1408965009383358
2013,fall,quiz1,sea639169,DoublePentagon,7,7,6.909090909090909,-0.11605849964132
2013,fall,quiz1,sed334770,DoublePentagon,7,7,8.818181818181818,0.8849460597650673
2013,fall,quiz1,sf1424e10,DoublePentagon,7,7,6.5,-0.3305594766569745
2013,fall,quiz1,sfc3bcc7d,DoublePentagon,7,7,5.727272727272728,-0.7357279887976546
2013,fall,midterm1,s1a555e8d,ExclusiveOR,10,10,4.518518518518518,-0.5711260715294756
2013,fall,midterm1,s1f00f8e9,ExclusiveOR,10,10,4.7407407407407405,-0.5013955627962257
2013,fall,midterm1,s1f23c370,ExclusiveOR,10,10,4.37037037037037,-0.6176130773516422
2013,fall,midterm1,s2f86ca57,ExclusiveOR,10,10,4.7407407407407405,-0.5013955627962257
2013,fall,midterm1,s3752a3d2,ExclusiveOR,10,10,4.592592592592593,-0.5478825686183922
2013,fall,midterm1,s3b5db8f5,ExclusiveOR,10,10,5.925925925925926,-0.1294995162188925
2013,fall,midterm1,s3f27df0f,ExclusiveOR,10,10,4.7407407407407405,-0.5013955627962257
2013,fall,midterm1,s4818f91f,ExclusiveOR,10,10,4.518518518518518,-0.5711260715294756
2013,fall,midterm1,s55ec4057,ExclusiveOR,10,10,5.777777777777778,-0.1759865220410591
2013,fall,midterm1,s6c6b85b5,ExclusiveOR,10,10,4.518518518518518,-0.5711260715294756
2013,fall,midterm1,s7c1c9d2e,ExclusiveOR,10,10,8.37037037037037,0.6375360798468569
2013,fall,midterm1,s7dfc8641,ExclusiveOR,10,10,4.37037037037037,-0.6176130773516422
2013,fall,midterm1,s8d81cf8b,ExclusiveOR,10,10,6.148148148148148,-0.0597690074856426
2013,fall,midterm1,s9bd61dd,ExclusiveOR,10,10,6.222222222222222,-0.0365255045745591
2013,fall,midterm1,s9c2e126f,ExclusiveOR,10,10,16.074074074074073,3.054860382599521
2013,fall,midterm1,sa57ba5b5,ExclusiveOR,10,10,6.518518518518518,0.0564485070697739
2013,fall,midterm1,sabe62f19,ExclusiveOR,10,10,13.037037037037036,2.1018767632451056
2013,fall,midterm1,sac345013,ExclusiveOR,10,10,5.555555555555555,-0.2457170307743091
2013,fall,midterm1,sb6c9f56a,ExclusiveOR,10,10,5.555555555555555,-0.2457170307743091
2013,fall,midterm1,sbe8b1628,ExclusiveOR,10,10,4.518518518518518,-0.5711260715294756
2013,fall,midterm1,scad74c3a,ExclusiveOR,10,10,5.925925925925926,-0.1294995162188925
2013,fall,midterm1,sce9b742f,ExclusiveOR,10,10,16.074074074074073,3.054860382599521
2013,fall,midterm1,sd9c4ec42,ExclusiveOR,10,10,4.7407407407407405,-0.5013955627962257
2013,fall,midterm1,sea639169,ExclusiveOR,10,10,4.7407407407407405,-0.5013955627962257
2013,fall,midterm1,sef2a3ebc,ExclusiveOR,10,10,4.518518518518518,-0.5711260715294756
2013,fall,midterm1,sf1424e10,ExclusiveOR,10,10,4.518518518518518,-0.5711260715294756
2013,fall,midterm1,sfc3bcc7d,ExclusiveOR,10,10,5.703703703703703,-0.1992300249521425
2013,fall,midterm1,sfee6ffa8,ExclusiveOR,10,10,6.444444444444445,0.0332050041586908
2013,spring,quiz4,s18f746e0,FactorialFor,5,5,4.025,-0.4791075378319521
2013,spring,quiz4,s23f81012,FactorialFor,5,5,5.65,0.230632088806265
2013,spring,quiz4,s2ccaa61c,FactorialFor,5,5,3.325,-0.7848415308453381
2013,spring,quiz4,s2f86ca57,FactorialFor,5,5,9.375,1.85757369448464
2013,spring,quiz4,s407c0b0f,FactorialFor,5,5,4.825,-0.1296972601023683
2013,spring,quiz4,s418802b8,FactorialFor,5,5,9.3,1.824816480947492
2013,spring,quiz4,s45820bee,FactorialFor,5,5,3.325,-0.7848415308453381
2013,spring,quiz4,s483bc3e,FactorialFor,5,5,3.325,-0.7848415308453381
2013,spring,quiz4,s564281ce,FactorialFor,5,5,4.825,-0.1296972601023683
2013,spring,quiz4,s568e6c7b,FactorialFor,5,5,4.825,-0.1296972601023683
2013,spring,quiz4,s57c38b49,FactorialFor,5,5,4.825,-0.1296972601023683
2013,spring,quiz4,s5abb4733,FactorialFor,5,5,12.425,3.1897003783286784
2013,spring,quiz4,s5bd13671,FactorialFor,5,5,6.725,0.7001521495053931
2013,spring,quiz4,s5fd2eeb1,FactorialFor,5,5,3.325,-0.7848415308453381
2013,spring,quiz4,s663f70e4,FactorialFor,5,5,7.1,0.8639382171911355
2013,spring,quiz4,s6d684e40,FactorialFor,5,5,3.325,-0.7848415308453381
2013,spring,quiz4,s764d3697,FactorialFor,5,5,4.45,-0.2934833277881108
2013,spring,quiz4,s7685a175,FactorialFor,5,5,5.675,0.2415511599853143
2013,spring,quiz4,s7fe50145,FactorialFor,5,5,3.325,-0.7848415308453381
2013,spring,quiz4,s81792444,FactorialFor,5,5,3.325,-0.7848415308453381
2013,spring,quiz4,s830be0cb,FactorialFor,5,5,10.5,2.348931897541867
2013,spring,quiz4,s9d049cf5,FactorialFor,5,5,3.325,-0.7848415308453381
2013,spring,quiz4,sa6af7077,FactorialFor,5,5,5.925,0.3507418717758093
2013,spring,quiz4,sae45b238,FactorialFor,5,5,8.45,1.453568060859808
2013,spring,quiz4,sb7db06e9,FactorialFor,5,5,3.325,-0.7848415308453381
2013,spring,quiz4,sbb84155e,FactorialFor,5,5,3.325,-0.7848415308453381
2013,spring,quiz4,sbb8e5f35,FactorialFor,5,5,8.525,1.486325274396957
2013,spring,quiz4,sbcd8d614,FactorialFor,5,5,5.65,0.230632088806265
2013,spring,quiz4,sc07e0f8a,FactorialFor,5,5,3.325,-0.7848415308453381
2013,spring,quiz4,sc34ad8cd,FactorialFor,5,5,3.325,-0.7848415308453381
2013,spring,quiz4,sc6713607,FactorialFor,5,5,3.325,-0.7848415308453381
2013,spring,quiz4,sca85c16d,FactorialFor,5,5,4.825,-0.1296972601023683
2013,spring,quiz4,scb538af7,FactorialFor,5,5,3.325,-0.7848415308453381
2013,spring,quiz4,sd51cb744,FactorialFor,5,5,3.325,-0.7848415308453381
2013,spring,quiz4,sdb4c4aed,FactorialFor,5,5,4.825,-0.1296972601023683
2013,spring,quiz4,sddb081b4,FactorialFor,5,5,3.325,-0.7848415308453381
2013,spring,quiz4,sea449dee,FactorialFor,5,5,3.325,-0.7848415308453381
2013,spring,quiz4,sed47133e,FactorialFor,5,5,3.325,-0.7848415308453381
2013,spring,quiz4,sef55ce71,FactorialFor,5,5,6.075,0.4162562988501064
2013,spring,quiz4,sf0f03a1e,FactorialFor,5,5,4.15,-0.4245121819367046
2013,spring,quiz4,sfed34002,FactorialFor,5,5,7.2,0.9076145019073336
2013,spring,quiz4,s23f81012,FactorialWhile,5,5,7.125,0.7143744580775986
2013,spring,quiz4,s29d1098c,FactorialWhile,5,5,6.583333333333333,0.4389631901354637
2013,spring,quiz4,s2ccaa61c,FactorialWhile,5,5,4.375,-0.6838673637824695
2013,spring,quiz4,s2f86ca57,FactorialWhile,5,5,6.0,0.1423664400439343
2013,spring,quiz4,s407c0b0f,FactorialWhile,5,5,10.041666666666666,2.1973582085352463
2013,spring,quiz4,s483bc3e,FactorialWhile,5,5,4.375,-0.6838673637824695
2013,spring,quiz4,s568e6c7b,FactorialWhile,5,5,3.875,-0.9380931495752092
2013,spring,quiz4,s57c38b49,FactorialWhile,5,5,8.625,1.4770518154558174
2013,spring,quiz4,s5abb4733,FactorialWhile,5,5,6.0,0.1423664400439343
2013,spring,quiz4,s5fd2eeb1,FactorialWhile,5,5,3.875,-0.9380931495752092
2013,spring,quiz4,s663f70e4,FactorialWhile,5,5,6.625,0.4601486722848589
2013,spring,quiz4,s6d684e40,FactorialWhile,5,5,3.7916666666666665,-0.9804641138739992
2013,spring,quiz4,s74625dd,FactorialWhile,5,5,3.7916666666666665,-0.9804641138739992
2013,spring,quiz4,s7ccd28a3,FactorialWhile,5,5,10.958333333333334,2.663438815821936
2013,spring,quiz4,s81792444,FactorialWhile,5,5,4.708333333333333,-0.5143835065873099
2013,spring,quiz4,sae45b238,FactorialWhile,5,5,3.875,-0.9380931495752092
2013,spring,quiz4,sb7db06e9,FactorialWhile,5,5,7.916666666666667,1.1168986189161032
2013,spring,quiz4,sd51cb744,FactorialWhile,5,5,3.7916666666666665,-0.9804641138739992
2013,spring,quiz4,sdb4c4aed,FactorialWhile,5,5,6.25,0.2694793329403041
2013,spring,quiz4,sddb081b4,FactorialWhile,5,5,5.916666666666667,0.0999954757451445
2013,spring,quiz4,sea449dee,FactorialWhile,5,5,4.375,-0.6838673637824695
2013,spring,quiz4,sed47133e,FactorialWhile,5,5,3.7916666666666665,-0.9804641138739992
2013,spring,quiz4,sef55ce71,FactorialWhile,5,5,6.416666666666667,0.3542212615378842
2013,spring,quiz4,sf0f03a1e,FactorialWhile,5,5,4.708333333333333,-0.5143835065873099
2013,spring,quiz4,sfed34002,FactorialWhile,5,5,5.208333333333333,-0.2601577207945703
2013,fall,midterm1,s1ca6c9e5,FromNto1,10,10,9.928571428571429,0.0861833271949814
2013,fall,midterm1,s2f86ca57,FromNto1,10,10,10.0,0.1253575668290635
2013,fall,midterm1,s3551f054,FromNto1,10,10,7.928571428571429,-1.0106953825593197
2013,fall,midterm1,s3752a3d2,FromNto1,10,10,8.0,-0.9715211429252376
2013,fall,midterm1,s3b5db8f5,FromNto1,10,10,13.071428571428571,1.8098498710945972
2013,fall,midterm1,s3f27df0f,FromNto1,10,10,13.5,2.0448953088990907
2013,fall,midterm1,s73d002a2,FromNto1,10,10,7.285714285714286,-1.3632635392660597
2013,fall,midterm1,s7c1c9d2e,FromNto1,10,10,7.285714285714286,-1.3632635392660597
2013,fall,midterm1,s8d81cf8b,FromNto1,10,10,9.642857142857142,-0.0705136313413476
2013,fall,midterm1,s985b5480,FromNto1,10,10,9.428571428571429,-0.1880363502435938
2013,fall,midterm1,s9bd61dd,FromNto1,10,10,10.428571428571429,0.3604030046335568
2013,fall,midterm1,s9fb8e2c9,FromNto1,10,10,8.928571428571429,-0.4622560276821691
2013,fall,midterm1,scad74c3a,FromNto1,10,10,9.857142857142858,0.0470090875608994
2013,fall,midterm1,sce9b742f,FromNto1,10,10,9.357142857142858,-0.2272105898776758
2013,fall,midterm1,sfc3bcc7d,FromNto1,10,10,11.928571428571429,1.1830620369492826
2013,spring,quiz2,s18f746e0,GrowingSquares,7,7,25.857142857142858,1.0248027577425949
2013,spring,quiz2,s23f81012,GrowingSquares,7,7,17.785714285714285,-0.9225522583714156
2013,spring,quiz2,s407c0b0f,GrowingSquares,7,7,28.071428571428573,1.5590328949066152
2013,spring,quiz2,s57c38b49,GrowingSquares,7,7,22.214285714285715,0.1459080159566257
2013,spring,quiz2,s5bd13671,GrowingSquares,7,7,27.642857142857142,1.4556335135200302
2013,spring,quiz2,s663f70e4,GrowingSquares,7,7,27.714285714285715,1.472866743751128
2013,spring,quiz2,s6c8bfc2f,GrowingSquares,7,7,20.642857142857142,-0.2332230491275181
2013,spring,quiz2,s7ccd28a3,GrowingSquares,7,7,22.357142857142858,0.1803744764188204
2013,spring,quiz2,s81792444,GrowingSquares,7,7,16.785714285714285,-1.1638174816067797
2013,spring,quiz2,s9c94a8aa,GrowingSquares,7,7,22.928571428571427,0.3182403182675994
2013,spring,quiz2,sc2ea6ca8,GrowingSquares,7,7,17.928571428571427,-0.8880857979092208
2013,spring,quiz2,sd9363351,GrowingSquares,7,7,16.642857142857142,-1.1982839420689744
2013,spring,quiz2,sddb081b4,GrowingSquares,7,7,16.428571428571427,-1.2499836327622669
2013,spring,quiz2,sef55ce71,GrowingSquares,7,7,23.357142857142858,0.4216396996541844
2013,spring,quiz2,sfed34002,GrowingSquares,7,7,17.785714285714285,-0.9225522583714156
2013,fall,quiz2,s185bfebd,GrowingStairs,7,7,23.06896551724138,0.5512295832380241
2013,fall,quiz2,s1ca6c9e5,GrowingStairs,7,7,46.93103448275862,5.039781921579084
2013,fall,quiz2,s1e11464e,GrowingStairs,7,7,19.96551724137931,-0.0325416746387038
2013,fall,quiz2,s1f23c370,GrowingStairs,7,7,20.155172413793103,0.003133235564874
2013,fall,quiz2,s2f86ca57,GrowingStairs,7,7,16.25862068965517,-0.7298240104359063
2013,fall,quiz2,s3551f054,GrowingStairs,7,7,17.103448275862068,-0.5709085013472416
2013,fall,quiz2,s372a0966,GrowingStairs,7,7,18.43103448275862,-0.3211841299221971
2013,fall,quiz2,s3752a3d2,GrowingStairs,7,7,18.43103448275862,-0.3211841299221971
2013,fall,quiz2,s3b5db8f5,GrowingStairs,7,7,17.25862068965517,-0.5417199384534053
2013,fall,quiz2,s3f27df0f,GrowingStairs,7,7,19.5,-0.1201073633202128
2013,fall,quiz2,s55ec4057,GrowingStairs,7,7,19.08620689655172,-0.1979435310371108
2013,fall,quiz2,s73d002a2,GrowingStairs,7,7,18.58620689655172,-0.2919955670283614
2013,fall,quiz2,s74c23a2a,GrowingStairs,7,7,20.155172413793103,0.003133235564874
2013,fall,quiz2,s7c1c9d2e,GrowingStairs,7,7,19.27586206896552,-0.1622686208335316
2013,fall,quiz2,s7dfc8641,GrowingStairs,7,7,19.27586206896552,-0.1622686208335316
2013,fall,quiz2,s8d81cf8b,GrowingStairs,7,7,19.08620689655172,-0.1979435310371108
2013,fall,quiz2,s985b5480,GrowingStairs,7,7,28.879310344827587,1.6441791049294523
2013,fall,quiz2,s9bd61dd,GrowingStairs,7,7,18.53448275862069,-0.3017250879929724
2013,fall,quiz2,s9c2e126f,GrowingStairs,7,7,21.75862068965517,0.3047483854678496
2013,fall,quiz2,s9fb8e2c9,GrowingStairs,7,7,19.27586206896552,-0.1622686208335316
2013,fall,quiz2,sabe62f19,GrowingStairs,7,7,20.29310344827586,0.0290786248038395
2013,fall,quiz2,sb6c9f56a,GrowingStairs,7,7,20.96551724137931,0.1555623973437972
2013,fall,quiz2,sbe8b1628,GrowingStairs,7,7,22.120689655172413,0.3728550322201346
2013,fall,quiz2,scad74c3a,GrowingStairs,7,7,46.8448275862069,5.02356605330473
2013,fall,quiz2,sce9b742f,GrowingStairs,7,7,18.91379310344828,-0.2303752675858159
2013,fall,quiz2,sd2c29562,GrowingStairs,7,7,18.17241379310345,-0.3698317347452574
2013,fall,quiz2,sd9c4ec42,GrowingStairs,7,7,19.379310344827587,-0.1428095789043076
2013,fall,quiz2,sddd4a271,GrowingStairs,7,7,17.103448275862068,-0.5709085013472416
2013,fall,quiz2,sea639169,GrowingStairs,7,7,18.24137931034483,-0.3568590401257743
2013,fall,quiz2,seeeebe19,GrowingStairs,7,7,23.79310344827586,0.6874428767425933
2013,fall,quiz2,sf1424e10,GrowingStairs,7,7,19.08620689655172,-0.1979435310371108
2013,fall,quiz2,sfc3bcc7d,GrowingStairs,7,7,19.41379310344828,-0.1363232315945654
2013,fall,quiz2,sfee6ffa8,GrowingStairs,7,7,18.24137931034483,-0.3568590401257743
2014,fall,exam2,s301c5b4,GrowingStairs,5,5,18.63793103448276,-0.2822660460637477
2014,fall,exam2,s3d9f443f,GrowingStairs,5,5,18.63793103448276,-0.2822660460637477
2014,fall,exam2,s414ad069,GrowingStairs,5,5,18.63793103448276,-0.2822660460637477
2014,fall,exam2,s4fcaf3fe,GrowingStairs,5,5,18.63793103448276,-0.2822660460637477
2014,fall,exam2,s6aee66a4,GrowingStairs,5,5,18.63793103448276,-0.2822660460637477
2014,fall,exam2,s6cf85d26,GrowingStairs,5,5,18.63793103448276,-0.2822660460637477
2014,fall,exam2,s6ef2661d,GrowingStairs,5,5,18.63793103448276,-0.2822660460637477
2014,fall,exam2,s7957bc24,GrowingStairs,5,5,18.63793103448276,-0.2822660460637477
2014,fall,exam2,s7b48c344,GrowingStairs,5,5,18.63793103448276,-0.2822660460637477
2014,fall,exam2,s80387faa,GrowingStairs,5,5,18.63793103448276,-0.2822660460637477
2014,fall,exam2,s8082eabf,GrowingStairs,5,5,18.63793103448276,-0.2822660460637477
2014,fall,exam2,s9019cc55,GrowingStairs,5,5,18.63793103448276,-0.2822660460637477
2014,fall,exam2,s9f4e531e,GrowingStairs,5,5,18.63793103448276,-0.2822660460637477
2014,fall,exam2,sb254b04f,GrowingStairs,5,5,18.63793103448276,-0.2822660460637477
2014,fall,exam2,sbc1c354a,GrowingStairs,5,5,18.63793103448276,-0.2822660460637477
2014,fall,exam2,sbf1914d4,GrowingStairs,5,5,18.63793103448276,-0.2822660460637477
2014,fall,exam2,sc27f5411,GrowingStairs,5,5,18.63793103448276,-0.2822660460637477
2014,fall,exam2,sc65dd368,GrowingStairs,5,5,18.63793103448276,-0.2822660460637477
2014,fall,exam2,scc349e6b,GrowingStairs,5,5,18.63793103448276,-0.2822660460637477
2014,fall,exam2,sce46f0a0,GrowingStairs,5,5,18.63793103448276,-0.2822660460637477
2014,fall,exam2,sdd6461af,GrowingStairs,5,5,18.63793103448276,-0.2822660460637477
2014,fall,exam2,se6c844d8,GrowingStairs,5,5,18.63793103448276,-0.2822660460637477
2014,fall,exam2,sefe1db47,GrowingStairs,5,5,18.63793103448276,-0.2822660460637477
2014,fall,exam2,sf940327c,GrowingStairs,5,5,18.63793103448276,-0.2822660460637477
2014,fall,exam2,sfbb08d7,GrowingStairs,5,5,18.63793103448276,-0.2822660460637477
2014,fall,exam2b,sde957452,GrowingStairs,5,5,18.63793103448276,-0.2822660460637477
2013,fall,quiz4,s1ca6c9e5,Highway,5,5,18.0625,0.9235934469501056
2013,fall,quiz4,s1f00f8e9,Highway,5,5,11.375,-0.5912996819969113
2013,fall,quiz4,s1f23c370,Highway,5,5,11.375,-0.5912996819969113
2013,fall,quiz4,s2f86ca57,Highway,5,5,13.75,-0.0533002530250735
2013,fall,quiz4,s3551f054,Highway,5,5,11.375,-0.5912996819969113
2013,fall,quiz4,s3752a3d2,Highway,5,5,14.875,0.2015415817510601
2013,fall,quiz4,s3b5db8f5,Highway,5,5,10.6875,-0.7470363588045484
2013,fall,quiz4,s55ec4057,Highway,5,5,12.25,-0.3930893660599184
2013,fall,quiz4,s8d81cf8b,Highway,5,5,10.6875,-0.7470363588045484
2013,fall,quiz4,s985b5480,Highway,5,5,10.625,-0.7611942385143337
2013,fall,quiz4,s9c2e126f,Highway,5,5,10.875,-0.7045627196751929
2013,fall,quiz4,sa1918ccc,Highway,5,5,14.5,0.1165943034923489
2013,fall,quiz4,sbe8b1628,Highway,5,5,17.0,0.682909491883757
2013,fall,quiz4,scad74c3a,Highway,5,5,26.625,2.863222967190678
2013,fall,quiz4,sd2c29562,Highway,5,5,10.8125,-0.7187205993849781
2013,fall,quiz4,sef2a3ebc,Highway,5,5,11.125,-0.647931200836052
2013,fall,quiz4,sfc3bcc7d,Highway,5,5,21.75,1.7589083498274325
2013,fall,quiz3,s1ca6c9e5,InsertNumber,5,5,3.2,-0.9481224447363152
2013,fall,quiz3,s3551f054,InsertNumber,5,5,4.0,-0.072932495748948
2013,fall,quiz3,s7dfc8641,InsertNumber,5,5,5.8,1.8962448894726287
2013,fall,quiz3,s9bd61dd,InsertNumber,5,5,4.6,0.5834599659915772
2013,fall,quiz3,sbe8b1628,InsertNumber,5,5,3.2,-0.9481224447363152
2013,fall,quiz3,sce9b742f,InsertNumber,5,5,3.6,-0.5105274702426317
2013,fall,quiz1,s1a555e8d,LineOfHexagons,4,4,2.526315789473684,0.1007031974479139
2013,fall,quiz1,s1ca6c9e5,LineOfHexagons,4,4,1.3421052631578947,-0.5396377863241468
2013,fall,quiz1,s1e11464e,LineOfHexagons,4,4,1.3421052631578947,-0.5396377863241468
2013,fall,quiz1,s1f00f8e9,LineOfHexagons,4,4,1.3421052631578947,-0.5396377863241468
2013,fall,quiz1,s1f23c370,LineOfHexagons,4,4,8.736842105263158,3.458935912341388
2013,fall,quiz1,s2f86ca57,LineOfHexagons,4,4,1.3421052631578947,-0.5396377863241468
2013,fall,quiz1,s3551f054,LineOfHexagons,4,4,1.3421052631578947,-0.5396377863241468
2013,fall,quiz1,s372a0966,LineOfHexagons,4,4,1.3421052631578947,-0.5396377863241468
2013,fall,quiz1,s3752a3d2,LineOfHexagons,4,4,1.3421052631578947,-0.5396377863241468
2013,fall,quiz1,s3871c520,LineOfHexagons,4,4,1.3421052631578947,-0.5396377863241468
2013,fall,quiz1,s3b5db8f5,LineOfHexagons,4,4,4.526315789473684,1.1821679700407275
2013,fall,quiz1,s3f27df0f,LineOfHexagons,4,4,1.3421052631578947,-0.5396377863241468
2013,fall,quiz1,s4818f91f,LineOfHexagons,4,4,1.3421052631578947,-0.5396377863241468
2013,fall,quiz1,s6c6b85b5,LineOfHexagons,4,4,6.789473684210527,2.405930739027333
2013,fall,quiz1,s72c0bead,LineOfHexagons,4,4,7.578947368421052,2.8328247282087067
2013,fall,quiz1,s73afdd31,LineOfHexagons,4,4,1.3421052631578947,-0.5396377863241468
2013,fall,quiz1,s74c23a2a,LineOfHexagons,4,4,2.526315789473684,0.1007031974479139
2013,fall,quiz1,s7c1c9d2e,LineOfHexagons,4,4,2.526315789473684,0.1007031974479139
2013,fall,quiz1,s7dfc8641,LineOfHexagons,4,4,4.526315789473684,1.1821679700407275
2013,fall,quiz1,s7e9d214e,LineOfHexagons,4,4,1.3421052631578947,-0.5396377863241468
2013,fall,quiz1,s8d81cf8b,LineOfHexagons,4,4,2.526315789473684,0.1007031974479139
2013,fall,quiz1,s985b5480,LineOfHexagons,4,4,1.3421052631578947,-0.5396377863241468
2013,fall,quiz1,s9bd61dd,LineOfHexagons,4,4,1.3421052631578947,-0.5396377863241468
2013,fall,quiz1,s9c2e126f,LineOfHexagons,4,4,1.3421052631578947,-0.5396377863241468
2013,fall,quiz1,s9fb8e2c9,LineOfHexagons,4,4,1.3421052631578947,-0.5396377863241468
2013,fall,quiz1,sa1918ccc,LineOfHexagons,4,4,1.3421052631578947,-0.5396377863241468
2013,fall,quiz1,sabe62f19,LineOfHexagons,4,4,1.3421052631578947,-0.5396377863241468
2013,fall,quiz1,sac345013,LineOfHexagons,4,4,1.3421052631578947,-0.5396377863241468
2013,fall,quiz1,sb6c9f56a,LineOfHexagons,4,4,1.3421052631578947,-0.5396377863241468
2013,fall,quiz1,sbe8b1628,LineOfHexagons,4,4,4.526315789473684,1.1821679700407275
2013,fall,quiz1,scad74c3a,LineOfHexagons,4,4,1.3421052631578947,-0.5396377863241468
2013,fall,quiz1,sce9b742f,LineOfHexagons,4,4,4.526315789473684,1.1821679700407275
2013,fall,quiz1,sd2c29562,LineOfHexagons,4,4,1.3421052631578947,-0.5396377863241468
2013,fall,quiz1,sddd4a271,LineOfHexagons,4,4,2.526315789473684,0.1007031974479139
2013,fall,quiz1,sea639169,LineOfHexagons,4,4,1.3421052631578947,-0.5396377863241468
2013,fall,quiz1,sed334770,LineOfHexagons,4,4,1.3421052631578947,-0.5396377863241468
2013,fall,quiz1,seeeebe19,LineOfHexagons,4,4,1.3421052631578947,-0.5396377863241468
2013,fall,quiz1,sf1424e10,LineOfHexagons,4,4,2.526315789473684,0.1007031974479139
2013,fall,quiz1,sfc3bcc7d,LineOfHexagons,4,4,1.3421052631578947,-0.5396377863241468
2013,spring,quiz3,s18f746e0,MixHalf,5,5,6.258064516129032,-0.2356721723455583
2013,spring,quiz3,s23f81012,MixHalf,5,5,4.193548387096774,-0.7469609530274472
2013,spring,quiz3,s2ccaa61c,MixHalf,5,5,10.35483870967742,0.7789165018200653
2013,spring,quiz3,s2f86ca57,MixHalf,5,5,11.96774193548387,1.1783608617277908
2013,spring,quiz3,s407c0b0f,MixHalf,5,5,4.193548387096774,-0.7469609530274472
2013,spring,quiz3,s45820bee,MixHalf,5,5,4.193548387096774,-0.7469609530274472
2013,spring,quiz3,s45d6d438,MixHalf,5,5,7.806451612903226,0.1477944131658585
2013,spring,quiz3,s483bc3e,MixHalf,5,5,4.193548387096774,-0.7469609530274472
2013,spring,quiz3,s57c38b49,MixHalf,5,5,4.193548387096774,-0.7469609530274472
2013,spring,quiz3,s5abb4733,MixHalf,5,5,9.096774193548388,0.4673499010920393
2013,spring,quiz3,s5bd13671,MixHalf,5,5,7.709677419354839,0.1238277515713949
2013,spring,quiz3,s663f70e4,MixHalf,5,5,18.032258064516128,2.680271654980839
2013,spring,quiz3,s6d684e40,MixHalf,5,5,4.193548387096774,-0.7469609530274472
2013,spring,quiz3,s764d3697,MixHalf,5,5,4.193548387096774,-0.7469609530274472
2013,spring,quiz3,s81792444,MixHalf,5,5,4.193548387096774,-0.7469609530274472
2013,spring,quiz3,sad8416a9,MixHalf,5,5,4.774193548387097,-0.6031609834606659
2013,spring,quiz3,sbe8b1628,MixHalf,5,5,11.709677419354838,1.1144497641425546
2013,spring,quiz3,sc2ea6ca8,MixHalf,5,5,7.354838709677419,0.0359499923916951
2013,spring,quiz3,sc34ad8cd,MixHalf,5,5,6.161290322580645,-0.2596388339400218
2013,spring,quiz3,sca85c16d,MixHalf,5,5,13.064516129032258,1.4499830264650444
2013,spring,quiz3,scb538af7,MixHalf,5,5,4.193548387096774,-0.7469609530274472
2013,spring,quiz3,sd51cb744,MixHalf,5,5,4.193548387096774,-0.7469609530274472
2013,spring,quiz3,sd9363351,MixHalf,5,5,6.0,-0.2995832699307943
2013,spring,quiz3,sdb4c4aed,MixHalf,5,5,4.193548387096774,-0.7469609530274472
2013,spring,quiz3,sea449dee,MixHalf,5,5,4.193548387096774,-0.7469609530274472
2013,spring,quiz3,sed47133e,MixHalf,5,5,4.193548387096774,-0.7469609530274472
2013,spring,quiz3,sef55ce71,MixHalf,5,5,4.193548387096774,-0.7469609530274472
2013,spring,quiz3,sf0f03a1e,MixHalf,5,5,4.193548387096774,-0.7469609530274472
2013,spring,quiz3,sf6f33c5f,MixHalf,5,5,14.0,1.6816607552115252
2013,spring,quiz3,sfb7d4ca7,MixHalf,5,5,13.870967741935484,1.6497052064189073
2013,spring,quiz3,sfe2341ab,MixHalf,5,5,4.193548387096774,-0.7469609530274472
2013,spring,quiz3,sfed34002,MixHalf,5,5,15.451612903225806,2.0411606791284784
2013,fall,quiz2,s185bfebd,MultiTri,7,7,11.130434782608695,-0.111595169550699
2013,fall,quiz2,s1ca6c9e5,MultiTri,7,7,13.695652173913045,1.122926393603914
2013,fall,quiz2,s1e11464e,MultiTri,7,7,9.565217391304348,-0.86486256401792
2013,fall,quiz2,s1f23c370,MultiTri,7,7,10.826086956521738,-0.2580638295859923
2013,fall,quiz2,s2f86ca57,MultiTri,7,7,11.521739130434783,0.0767216790661066
2013,fall,quiz2,s3551f054,MultiTri,7,7,8.782608695652174,-1.2414962612515306
2013,fall,quiz2,s372a0966,MultiTri,7,7,13.826086956521738,1.1856986764761814
2013,fall,quiz2,s3b5db8f5,MultiTri,7,7,14.521739130434783,1.5204841851282802
2013,fall,quiz2,s3f27df0f,MultiTri,7,7,13.956521739130435,1.2484709593484504
2013,fall,quiz2,s73d002a2,MultiTri,7,7,14.347826086956522,1.4367878079652554
2013,fall,quiz2,s7c1c9d2e,MultiTri,7,7,9.043478260869565,-1.115951695506994
2013,fall,quiz2,s7c97e351,MultiTri,7,7,9.347826086956522,-0.9694830354717008
2013,fall,quiz2,s8d81cf8b,MultiTri,7,7,11.608695652173912,0.1185698676476182
2013,fall,quiz2,s985b5480,MultiTri,7,7,9.08695652173913,-1.0950276012162372
2013,fall,quiz2,s9bd61dd,MultiTri,7,7,14.608695652173912,1.5623323737097918
2013,fall,quiz2,s9c2e126f,MultiTri,7,7,8.826086956521738,-1.2205721669607748
2013,fall,quiz2,s9fb8e2c9,MultiTri,7,7,9.043478260869565,-1.115951695506994
2013,fall,quiz2,sa1918ccc,MultiTri,7,7,12.391304347826088,0.4952035648812296
2013,fall,quiz2,sb6c9f56a,MultiTri,7,7,11.173913043478262,-0.0906710752599423
2013,fall,quiz2,sbe8b1628,MultiTri,7,7,14.521739130434783,1.5204841851282802
2013,fall,quiz2,scad74c3a,MultiTri,7,7,11.130434782608695,-0.111595169550699
2013,fall,quiz2,seeeebe19,MultiTri,7,7,10.391304347826088,-0.4673047724935529
2013,fall,quiz2,sf1424e10,MultiTri,7,7,10.521739130434783,-0.4045324896212846
2013,fall,quiz2,sfc3bcc7d,MultiTri,7,7,8.826086956521738,-1.2205721669607748
2013,fall,quiz4,s1ca6c9e5,MultOddsFor,5,5,18.11111111111111,2.9060758508304314
2013,fall,quiz4,s1f00f8e9,MultOddsFor,5,5,8.222222222222221,0.3092811648474152
2013,fall,quiz4,s2f86ca57,MultOddsFor,5,5,5.111111111111111,-0.5076879498438707
2013,fall,quiz4,s3752a3d2,MultOddsFor,5,5,5.0,-0.5368654182257022
2013,fall,quiz4,s3b5db8f5,MultOddsFor,5,5,5.777777777777778,-0.3326231395528807
2013,fall,quiz4,s8d81cf8b,MultOddsFor,5,5,6.666666666666667,-0.0992033924982274
2013,fall,quiz4,s9c2e126f,MultOddsFor,5,5,5.666666666666667,-0.3618006079347122
2013,fall,quiz4,s9fb8e2c9,MultOddsFor,5,5,4.777777777777778,-0.5952203549893655
2013,fall,quiz4,sd2c29562,MultOddsFor,5,5,5.444444444444445,-0.4201555446983755
2013,fall,quiz4,sea639169,MultOddsFor,5,5,5.666666666666667,-0.3618006079347122
2013,fall,quiz4,s1ca6c9e5,MultOddsWhile,5,5,9.5,0.4629100498862757
2013,fall,quiz4,s2f86ca57,MultOddsWhile,5,5,10.0,0.9258200997725514
2013,fall,quiz4,s372a0966,MultOddsWhile,5,5,7.5,-1.3887301496588271
2013,spring,quiz7,s111f453,Power,6,6,6.142857142857143,-0.3424766394243319
2013,spring,quiz7,s189f9c70,Power,6,6,7.346938775510204,0.1799153390150573
2013,spring,quiz7,s18f746e0,Power,6,6,5.26530612244898,-0.7232029965920225
2013,spring,quiz7,s23f81012,Power,6,6,4.673469387755102,-0.9799719351469768
2013,spring,quiz7,s29d1098c,Power,6,6,10.16326530612245,1.4017813224834594
2013,spring,quiz7,s2ccaa61c,Power,6,6,4.673469387755102,-0.9799719351469768
2013,spring,quiz7,s2f86ca57,Power,6,6,4.673469387755102,-0.9799719351469768
2013,spring,quiz7,s407c0b0f,Power,6,6,7.346938775510204,0.1799153390150573
2013,spring,quiz7,s418802b8,Power,6,6,5.63265306122449,-0.5638291726613613
2013,spring,quiz7,s45d6d438,Power,6,6,8.428571428571429,0.6491827094775596
2013,spring,quiz7,s483bc3e,Power,6,6,4.673469387755102,-0.9799719351469768
2013,spring,quiz7,s564281ce,Power,6,6,6.530612244897959,-0.1742487141641896
2013,spring,quiz7,s568e6c7b,Power,6,6,7.204081632653061,0.1179366297086889
2013,spring,quiz7,s57c38b49,Power,6,6,11.387755102040815,1.9330274022523293
2013,spring,quiz7,s5abb4733,Power,6,6,4.673469387755102,-0.9799719351469768
2013,spring,quiz7,s5bd13671,Power,6,6,10.571428571428571,1.5788633490730826
2013,spring,quiz7,s663f70e4,Power,6,6,4.673469387755102,-0.9799719351469768
2013,spring,quiz7,s6d684e40,Power,6,6,4.673469387755102,-0.9799719351469768
2013,spring,quiz7,s74625dd,Power,6,6,8.63265306122449,0.7377237227723712
2013,spring,quiz7,s764d3697,Power,6,6,4.673469387755102,-0.9799719351469768
2013,spring,quiz7,s7685a175,Power,6,6,11.0,1.7647994769921873
2013,spring,quiz7,s7fe50145,Power,6,6,8.63265306122449,0.7377237227723712
2013,spring,quiz7,s81792444,Power,6,6,4.673469387755102,-0.9799719351469768
2013,spring,quiz7,s830be0cb,Power,6,6,4.673469387755102,-0.9799719351469768
2013,spring,quiz7,s9d049cf5,Power,6,6,6.530612244897959,-0.1742487141641896
2013,spring,quiz7,sa2374186,Power,6,6,7.346938775510204,0.1799153390150573
2013,spring,quiz7,sa8337da7,Power,6,6,9.46938775510204,1.1007418772810993
2013,spring,quiz7,sad8416a9,Power,6,6,4.673469387755102,-0.9799719351469768
2013,spring,quiz7,sae45b238,Power,6,6,10.571428571428571,1.5788633490730826
2013,spring,quiz7,saffd1abc,Power,6,6,4.673469387755102,-0.9799719351469768
2013,spring,quiz7,sb069dfe6,Power,6,6,8.510204081632653,0.684599114795484
2013,spring,quiz7,sb7db06e9,Power,6,6,4.673469387755102,-0.9799719351469768
2013,spring,quiz7,sbcd8d614,Power,6,6,8.63265306122449,0.7377237227723712
2013,spring,quiz7,sbe8b1628,Power,6,6,8.0,0.4632465815584548
2013,spring,quiz7,sc07e0f8a,Power,6,6,4.673469387755102,-0.9799719351469768
2013,spring,quiz7,sc2ea6ca8,Power,6,6,6.469387755102041,-0.2008110181526333
2013,spring,quiz7,sc34ad8cd,Power,6,6,6.142857142857143,-0.3424766394243319
2013,spring,quiz7,sc6713607,Power,6,6,6.530612244897959,-0.1742487141641896
2013,spring,quiz7,scb538af7,Power,6,6,4.673469387755102,-0.9799719351469768
2013,spring,quiz7,sd51cb744,Power,6,6,4.673469387755102,-0.9799719351469768
2013,spring,quiz7,sd9363351,Power,6,6,8.63265306122449,0.7377237227723712
2013,spring,quiz7,sdb4c4aed,Power,6,6,12.10204081632653,2.2429209487841706
2013,spring,quiz7,sddb081b4,Power,6,6,12.510204081632653,2.420002975373794
2013,spring,quiz7,sed47133e,Power,6,6,8.877551020408163,0.8439729387261451
2013,spring,quiz7,sef55ce71,Power,6,6,4.673469387755102,-0.9799719351469768
2013,spring,quiz7,sf0f03a1e,Power,6,6,7.204081632653061,0.1179366297086889
2013,spring,quiz7,sf3e641eb,Power,6,6,4.673469387755102,-0.9799719351469768
2013,spring,quiz7,sf6f33c5f,Power,6,6,7.489795918367347,0.2418940483214253
2013,spring,quiz7,sfe2341ab,Power,6,6,4.673469387755102,-0.9799719351469768
2013,spring,quiz7,sfed34002,Power,6,6,8.510204081632653,0.684599114795484
2013,spring,quiz7,s111f453,ProdAll,6,6,2.95,-0.7623764596477788
2013,spring,quiz7,s189f9c70,ProdAll,6,6,2.95,-0.7623764596477788
2013,spring,quiz7,s18f746e0,ProdAll,6,6,3.875,-0.4036527967179772
2013,spring,quiz7,s23f81012,ProdAll,6,6,5.325,0.15867078300982
2013,spring,quiz7,s29d1098c,ProdAll,6,6,11.35,2.495222209120149
2013,spring,quiz7,s2ccaa61c,ProdAll,6,6,2.95,-0.7623764596477788
2013,spring,quiz7,s407c0b0f,ProdAll,6,6,2.95,-0.7623764596477788
2013,spring,quiz7,s418802b8,ProdAll,6,6,3.9,-0.3939575625847393
2013,spring,quiz7,s483bc3e,ProdAll,6,6,2.95,-0.7623764596477788
2013,spring,quiz7,s564281ce,ProdAll,6,6,2.95,-0.7623764596477788
2013,spring,quiz7,s57c38b49,ProdAll,6,6,8.3,1.3124036448651282
2013,spring,quiz7,s5bd13671,ProdAll,6,6,2.95,-0.7623764596477788
2013,spring,quiz7,s5fd2eeb1,ProdAll,6,6,10.25,2.068631907257682
2013,spring,quiz7,s6d684e40,ProdAll,6,6,2.95,-0.7623764596477788
2013,spring,quiz7,s70c07b9e,ProdAll,6,6,2.95,-0.7623764596477788
2013,spring,quiz7,s74625dd,ProdAll,6,6,8.3,1.3124036448651282
2013,spring,quiz7,s81792444,ProdAll,6,6,2.95,-0.7623764596477788
2013,spring,quiz7,s830be0cb,ProdAll,6,6,2.95,-0.7623764596477788
2013,spring,quiz7,s9d049cf5,ProdAll,6,6,7.15,0.8664228747361854
2013,spring,quiz7,sa2374186,ProdAll,6,6,3.825,-0.4230432649844529
2013,spring,quiz7,sa6af7077,ProdAll,6,6,9.325,1.7099082443278806
2013,spring,quiz7,sad8416a9,ProdAll,6,6,2.95,-0.7623764596477788
2013,spring,quiz7,sae45b238,ProdAll,6,6,5.625,0.2750135926086745
2013,spring,quiz7,sb069dfe6,ProdAll,6,6,7.25,0.9052038112691368
2013,spring,quiz7,sb7db06e9,ProdAll,6,6,5.325,0.15867078300982
2013,spring,quiz7,sbe8b1628,ProdAll,6,6,5.325,0.15867078300982
2013,spring,quiz7,sc07e0f8a,ProdAll,6,6,2.95,-0.7623764596477788
2013,spring,quiz7,sc34ad8cd,ProdAll,6,6,6.775,0.7209943627376172
2013,spring,quiz7,sc6713607,ProdAll,6,6,2.95,-0.7623764596477788
2013,spring,quiz7,scb538af7,ProdAll,6,6,2.95,-0.7623764596477788
2013,spring,quiz7,sd51cb744,ProdAll,6,6,2.95,-0.7623764596477788
2013,spring,quiz7,sdb4c4aed,ProdAll,6,6,11.075,2.388574633654532
2013,spring,quiz7,sddb081b4,ProdAll,6,6,2.95,-0.7623764596477788
2013,spring,quiz7,sea449dee,ProdAll,6,6,2.95,-0.7623764596477788
2013,spring,quiz7,sed47133e,ProdAll,6,6,8.3,1.3124036448651282
2013,spring,quiz7,sef55ce71,ProdAll,6,6,5.325,0.15867078300982
2013,spring,quiz7,sf0f03a1e,ProdAll,6,6,2.95,-0.7623764596477788
2013,spring,quiz7,sf3e641eb,ProdAll,6,6,8.3,1.3124036448651282
2013,spring,quiz7,sf6f33c5f,ProdAll,6,6,2.95,-0.7623764596477788
2013,spring,quiz7,sfe2341ab,ProdAll,6,6,2.95,-0.7623764596477788
2013,spring,quiz7,sfed34002,ProdAll,6,6,4.7,-0.083710070321127
2013,fall,midterm1,s1ca6c9e5,RemoveEndDots,10,10,11.857142857142858,1.1169331616475673
2013,fall,midterm1,s1f00f8e9,RemoveEndDots,10,10,11.142857142857142,0.7972003863667746
2013,fall,midterm1,s1f23c370,RemoveEndDots,10,10,10.785714285714286,0.6373339987263791
2013,fall,midterm1,s2f86ca57,RemoveEndDots,10,10,6.642857142857143,-1.2171160979022155
2013,fall,midterm1,s3551f054,RemoveEndDots,10,10,6.642857142857143,-1.2171160979022155
2013,fall,midterm1,s3752a3d2,RemoveEndDots,10,10,6.857142857142857,-1.121196265317978
2013,fall,midterm1,s3b5db8f5,RemoveEndDots,10,10,6.571428571428571,-1.249089375430295
2013,fall,midterm1,s7c1c9d2e,RemoveEndDots,10,10,6.571428571428571,-1.249089375430295
2013,fall,midterm1,s7dfc8641,RemoveEndDots,10,10,7.785714285714286,-0.7055436574529482
2013,fall,midterm1,s8d81cf8b,RemoveEndDots,10,10,9.428571428571429,0.0298417256928738
2013,fall,midterm1,s9bd61dd,RemoveEndDots,10,10,12.357142857142858,1.3407461043441218
2013,fall,midterm1,s9fb8e2c9,RemoveEndDots,10,10,10.428571428571429,0.4774676110859828
2013,fall,midterm1,sb6c9f56a,RemoveEndDots,10,10,12.714285714285714,1.5006124919845172
2013,fall,midterm1,scad74c3a,RemoveEndDots,10,10,9.571428571428571,0.093788280749032
2013,fall,midterm1,sce9b742f,RemoveEndDots,10,10,11.071428571428571,0.7652271088386955
2013,spring,quiz2,s111f453,SquareLine,7,7,6.955555555555556,-0.6332335998364411
2013,spring,quiz2,s18f746e0,SquareLine,7,7,14.77777777777778,1.195756490879159
2013,spring,quiz2,s23f81012,SquareLine,7,7,10.088888888888889,0.0994016353649778
2013,spring,quiz2,s29d1098c,SquareLine,7,7,9.733333333333333,0.0162657221506322
2013,spring,quiz2,s2ccaa61c,SquareLine,7,7,6.155555555555556,-0.8202894045687182
2013,spring,quiz2,s2f86ca57,SquareLine,7,7,6.155555555555556,-0.8202894045687182
2013,spring,quiz2,s407c0b0f,SquareLine,7,7,14.755555555555556,1.190560496303262
2013,spring,quiz2,s418802b8,SquareLine,7,7,6.488888888888889,-0.7423494859302695
2013,spring,quiz2,s45820bee,SquareLine,7,7,10.577777777777778,0.2137135160347028
2013,spring,quiz2,s45d6d438,SquareLine,7,7,8.2,-0.3422579035862323
2013,spring,quiz2,s483bc3e,SquareLine,7,7,9.088888888888889,-0.1344181205503686
2013,spring,quiz2,s564281ce,SquareLine,7,7,9.422222222222222,-0.0564782019119197
2013,spring,quiz2,s568e6c7b,SquareLine,7,7,8.733333333333333,-0.2175540337647142
2013,spring,quiz2,s57c38b49,SquareLine,7,7,8.911111111111111,-0.1759860771575412
2013,spring,quiz2,s5abb4733,SquareLine,7,7,8.911111111111111,-0.1759860771575412
2013,spring,quiz2,s5bd13671,SquareLine,7,7,14.77777777777778,1.195756490879159
2013,spring,quiz2,s5fd2eeb1,SquareLine,7,7,6.155555555555556,-0.8202894045687182
2013,spring,quiz2,s663f70e4,SquareLine,7,7,16.88888888888889,1.6893759755893345
2013,spring,quiz2,s6c8bfc2f,SquareLine,7,7,9.28888888888889,-0.0876541693672991
2013,spring,quiz2,s6d684e40,SquareLine,7,7,6.155555555555556,-0.8202894045687182
2013,spring,quiz2,s70c07b9e,SquareLine,7,7,13.155555555555557,0.8164488868387075
2013,spring,quiz2,s74625dd,SquareLine,7,7,6.488888888888889,-0.7423494859302695
2013,spring,quiz2,s764d3697,SquareLine,7,7,8.911111111111111,-0.1759860771575412
2013,spring,quiz2,s7685a175,SquareLine,7,7,31.0,4.988832531283668
2013,spring,quiz2,s7ccd28a3,SquareLine,7,7,16.155555555555555,1.5179081545847466
2013,spring,quiz2,s7fe50145,SquareLine,7,7,6.955555555555556,-0.6332335998364411
2013,spring,quiz2,s81792444,SquareLine,7,7,6.755555555555556,-0.6799975510195102
2013,spring,quiz2,s830be0cb,SquareLine,7,7,12.355555555555556,0.6293930821064301
2013,spring,quiz2,s9c94a8aa,SquareLine,7,7,8.911111111111111,-0.1759860771575412
2013,spring,quiz2,s9d049cf5,SquareLine,7,7,6.155555555555556,-0.8202894045687182
2013,spring,quiz2,sae45b238,SquareLine,7,7,7.977777777777778,-0.394217849345198
2013,spring,quiz2,sb069dfe6,SquareLine,7,7,14.177777777777775,1.0554646373299497
2013,spring,quiz2,sb7db06e9,SquareLine,7,7,8.8,-0.2019660500370241
2013,spring,quiz2,sbcd8d614,SquareLine,7,7,8.355555555555556,-0.3058859415549559
2013,spring,quiz2,sc07e0f8a,SquareLine,7,7,9.577777777777778,-0.0201062398806437
2013,spring,quiz2,sc34ad8cd,SquareLine,7,7,10.133333333333333,0.1097936245167709
2013,spring,quiz2,scb538af7,SquareLine,7,7,7.288888888888889,-0.5552936811979924
2013,spring,quiz2,sd51cb744,SquareLine,7,7,8.911111111111111,-0.1759860771575412
2013,spring,quiz2,sd9363351,SquareLine,7,7,6.488888888888889,-0.7423494859302695
2013,spring,quiz2,sdb4c4aed,SquareLine,7,7,8.8,-0.2019660500370241
2013,spring,quiz2,sddb081b4,SquareLine,7,7,6.155555555555556,-0.8202894045687182
2013,spring,quiz2,sed47133e,SquareLine,7,7,6.155555555555556,-0.8202894045687182
2013,spring,quiz2,sef55ce71,SquareLine,7,7,9.155555555555557,-0.1188301368226785
2013,spring,quiz2,sf0f03a1e,SquareLine,7,7,9.577777777777778,-0.0201062398806437
2013,spring,quiz2,sf3e641eb,SquareLine,7,7,6.955555555555556,-0.6332335998364411
2013,spring,quiz2,sfed34002,SquareLine,7,7,6.955555555555556,-0.6332335998364411
2013,fall,quiz2,s185bfebd,Stairs,7,7,15.151515151515152,0.4950233439474545
2013,fall,quiz2,s1a555e8d,Stairs,7,7,11.848484848484848,-0.336237976091235
2013,fall,quiz2,s1ca6c9e5,Stairs,7,7,33.36363636363637,5.078399980124082
2013,fall,quiz2,s1e11464e,Stairs,7,7,11.030303030303031,-0.5421467434402677
2013,fall,quiz2,s1f23c370,Stairs,7,7,11.030303030303031,-0.5421467434402677
2013,fall,quiz2,s2f86ca57,Stairs,7,7,11.030303030303031,-0.5421467434402677
2013,fall,quiz2,s3551f054,Stairs,7,7,11.848484848484848,-0.336237976091235
2013,fall,quiz2,s372a0966,Stairs,7,7,11.030303030303031,-0.5421467434402677
2013,fall,quiz2,s3752a3d2,Stairs,7,7,11.030303030303031,-0.5421467434402677
2013,fall,quiz2,s3871c520,Stairs,7,7,11.848484848484848,-0.336237976091235
2013,fall,quiz2,s3b5db8f5,Stairs,7,7,11.030303030303031,-0.5421467434402677
2013,fall,quiz2,s3f27df0f,Stairs,7,7,11.848484848484848,-0.336237976091235
2013,fall,quiz2,s55ec4057,Stairs,7,7,11.848484848484848,-0.336237976091235
2013,fall,quiz2,s6c6b85b5,Stairs,7,7,11.848484848484848,-0.336237976091235
2013,fall,quiz2,s72c0bead,Stairs,7,7,15.469696969696969,0.5750989756943004
2013,fall,quiz2,s73afdd31,Stairs,7,7,13.924242424242424,0.1861601929239046
2013,fall,quiz2,s73d002a2,Stairs,7,7,11.030303030303031,-0.5421467434402677
2013,fall,quiz2,s74c23a2a,Stairs,7,7,11.030303030303031,-0.5421467434402677
2013,fall,quiz2,s7c1c9d2e,Stairs,7,7,11.848484848484848,-0.336237976091235
2013,fall,quiz2,s7dfc8641,Stairs,7,7,11.848484848484848,-0.336237976091235
2013,fall,quiz2,s7e9d214e,Stairs,7,7,11.848484848484848,-0.336237976091235
2013,fall,quiz2,s8d81cf8b,Stairs,7,7,11.848484848484848,-0.336237976091235
2013,fall,quiz2,s985b5480,Stairs,7,7,21.424242424242426,2.0736572269567084
2013,fall,quiz2,s9bd61dd,Stairs,7,7,13.333333333333334,0.0374483053940476
2013,fall,quiz2,sb6c9f56a,Stairs,7,7,15.43939393939394,0.5674727250517438
2013,fall,quiz2,sbe8b1628,Stairs,7,7,12.727272727272728,-0.1150767074570878
2013,fall,quiz2,scad74c3a,Stairs,7,7,35.04545454545455,5.501656890785982
2013,fall,quiz2,sce9b742f,Stairs,7,7,11.848484848484848,-0.336237976091235
2013,fall,quiz2,sd2c29562,Stairs,7,7,11.030303030303031,-0.5421467434402677
2013,fall,quiz2,sd9c4ec42,Stairs,7,7,11.848484848484848,-0.336237976091235
2013,fall,quiz2,sddd4a271,Stairs,7,7,11.848484848484848,-0.336237976091235
2013,fall,quiz2,sea639169,Stairs,7,7,11.030303030303031,-0.5421467434402677
2013,fall,quiz2,sed334770,Stairs,7,7,11.030303030303031,-0.5421467434402677
2013,fall,quiz2,seeeebe19,Stairs,7,7,11.030303030303031,-0.5421467434402677
2013,fall,quiz2,sf1424e10,Stairs,7,7,11.848484848484848,-0.336237976091235
2013,fall,quiz2,sfc3bcc7d,Stairs,7,7,11.848484848484848,-0.336237976091235
2013,fall,quiz2,sfee6ffa8,Stairs,7,7,11.030303030303031,-0.5421467434402677
2014,fall,exam2,s301c5b4,Stairs,5,5,12.87878787878788,-0.0769454542443037
2014,fall,exam2,s351f3189,Stairs,5,5,12.87878787878788,-0.0769454542443037
2014,fall,exam2,s3d9f443f,Stairs,5,5,12.87878787878788,-0.0769454542443037
2014,fall,exam2,s414ad069,Stairs,5,5,12.87878787878788,-0.0769454542443037
2014,fall,exam2,s4fcaf3fe,Stairs,5,5,12.87878787878788,-0.0769454542443037
2014,fall,exam2,s6aee66a4,Stairs,5,5,12.87878787878788,-0.0769454542443037
2014,fall,exam2,s6cf85d26,Stairs,5,5,12.87878787878788,-0.0769454542443037
2014,fall,exam2,s6ef2661d,Stairs,5,5,12.87878787878788,-0.0769454542443037
2014,fall,exam2,s7957bc24,Stairs,5,5,12.87878787878788,-0.0769454542443037
2014,fall,exam2,s7a6ddb93,Stairs,5,5,12.87878787878788,-0.0769454542443037
2014,fall,exam2,s7b48c344,Stairs,5,5,12.87878787878788,-0.0769454542443037
2014,fall,exam2,s80387faa,Stairs,5,5,12.87878787878788,-0.0769454542443037
2014,fall,exam2,s8082eabf,Stairs,5,5,12.87878787878788,-0.0769454542443037
2014,fall,exam2,s9019cc55,Stairs,5,5,12.87878787878788,-0.0769454542443037
2014,fall,exam2,s9f4e531e,Stairs,5,5,12.87878787878788,-0.0769454542443037
2014,fall,exam2,sbc1c354a,Stairs,5,5,12.87878787878788,-0.0769454542443037
2014,fall,exam2,sbf1914d4,Stairs,5,5,12.87878787878788,-0.0769454542443037
2014,fall,exam2,sc27f5411,Stairs,5,5,12.87878787878788,-0.0769454542443037
2014,fall,exam2,sc65dd368,Stairs,5,5,12.87878787878788,-0.0769454542443037
2014,fall,exam2,scc349e6b,Stairs,5,5,12.87878787878788,-0.0769454542443037
2014,fall,exam2,sce46f0a0,Stairs,5,5,12.87878787878788,-0.0769454542443037
2014,fall,exam2,scf590fea,Stairs,5,5,12.87878787878788,-0.0769454542443037
2014,fall,exam2,sdd6461af,Stairs,5,5,12.87878787878788,-0.0769454542443037
2014,fall,exam2,se6b34a87,Stairs,5,5,12.87878787878788,-0.0769454542443037
2014,fall,exam2,se6c844d8,Stairs,5,5,12.87878787878788,-0.0769454542443037
2014,fall,exam2,se6e4a2eb,Stairs,5,5,12.87878787878788,-0.0769454542443037
2014,fall,exam2,sefe1db47,Stairs,5,5,12.87878787878788,-0.0769454542443037
2014,fall,exam2,sf39dba78,Stairs,5,5,12.87878787878788,-0.0769454542443037
2014,fall,exam2,sf940327c,Stairs,5,5,12.87878787878788,-0.0769454542443037
2014,fall,exam2b,sde957452,Stairs,5,5,12.87878787878788,-0.0769454542443037
2013,spring,quiz1,s18f746e0,StarLine,5,5,16.70909090909091,-0.945810554057913
2013,spring,quiz1,s23f81012,StarLine,5,5,36.45454545454545,6.196033828309373
2013,spring,quiz1,s29d1098c,StarLine,5,5,16.70909090909091,-0.945810554057913
2013,spring,quiz1,s2ccaa61c,StarLine,5,5,18.145454545454545,-0.4262841210864446
2013,spring,quiz1,s2f66a747,StarLine,5,5,19.69090909090909,0.1327000156550101
2013,spring,quiz1,s45d6d438,StarLine,5,5,18.8,-0.189537898466534
2013,spring,quiz1,s564281ce,StarLine,5,5,22.69090909090909,1.217786869329598
2013,spring,quiz1,s568e6c7b,StarLine,5,5,16.70909090909091,-0.945810554057913
2013,spring,quiz1,s57c38b49,StarLine,5,5,16.70909090909091,-0.945810554057913
2013,spring,quiz1,s5abb4733,StarLine,5,5,16.70909090909091,-0.945810554057913
2013,spring,quiz1,s663f70e4,StarLine,5,5,18.381818181818183,-0.3407924295848098
2013,spring,quiz1,s6c8bfc2f,StarLine,5,5,20.963636363636365,0.5930398929715022
2013,spring,quiz1,s764d3697,StarLine,5,5,18.69090909090909,-0.2289956022365191
2013,spring,quiz1,s7ccd28a3,StarLine,5,5,18.381818181818183,-0.3407924295848098
2013,spring,quiz1,s81792444,StarLine,5,5,16.70909090909091,-0.945810554057913
2013,spring,quiz1,s830be0cb,StarLine,5,5,18.381818181818183,-0.3407924295848098
2013,spring,quiz1,sa2374186,StarLine,5,5,16.70909090909091,-0.945810554057913
2013,spring,quiz1,sb7db06e9,StarLine,5,5,20.2,0.3168359665816064
2013,spring,quiz1,sbe8b1628,StarLine,5,5,18.381818181818183,-0.3407924295848098
2013,spring,quiz1,sc2ea6ca8,StarLine,5,5,18.381818181818183,-0.3407924295848098
2013,spring,quiz1,sc34ad8cd,StarLine,5,5,16.70909090909091,-0.945810554057913
2013,spring,quiz1,sd51cb744,StarLine,5,5,18.381818181818183,-0.3407924295848098
2013,spring,quiz1,sd9363351,StarLine,5,5,18.381818181818183,-0.3407924295848098
2013,spring,quiz1,sddb081b4,StarLine,5,5,16.70909090909091,-0.945810554057913
2013,spring,quiz1,sdf4854e7,StarLine,5,5,20.818181818181817,0.5404296212781878
2013,spring,quiz1,sed47133e,StarLine,5,5,16.70909090909091,-0.945810554057913
2013,spring,quiz1,sef55ce71,StarLine,5,5,17.436363636363637,-0.6827591955913466
2013,spring,quiz1,sf0f03a1e,StarLine,5,5,16.70909090909091,-0.945810554057913
2013,spring,quiz1,sf3e641eb,StarLine,5,5,18.945454545454545,-0.1369276267732209
2013,spring,quiz1,sf6f33c5f,StarLine,5,5,20.363636363636363,0.3760225222365841
2013,spring,quiz1,sfe2341ab,StarLine,5,5,16.70909090909091,-0.945810554057913
2013,spring,quiz1,sfed34002,StarLine,5,5,16.70909090909091,-0.945810554057913
2014,fall,exam1,s211a52c5,StarLine,4,4,20.12727272727273,0.2905308307349505
2014,fall,exam1,s311ffd55,StarLine,4,4,20.12727272727273,0.2905308307349505
2014,fall,exam1,s3d9f443f,StarLine,4,4,20.12727272727273,0.2905308307349505
2014,fall,exam1,s4fcaf3fe,StarLine,4,4,20.12727272727273,0.2905308307349505
2014,fall,exam1,s6aee66a4,StarLine,4,4,20.12727272727273,0.2905308307349505
2014,fall,exam1,s6cf85d26,StarLine,4,4,20.12727272727273,0.2905308307349505
2014,fall,exam1,s70356d7a,StarLine,4,4,20.12727272727273,0.2905308307349505
2014,fall,exam1,s738c07e8,StarLine,4,4,20.12727272727273,0.2905308307349505
2014,fall,exam1,s7957bc24,StarLine,4,4,20.12727272727273,0.2905308307349505
2014,fall,exam1,s7b48c344,StarLine,4,4,20.12727272727273,0.2905308307349505
2014,fall,exam1,s80387faa,StarLine,4,4,20.12727272727273,0.2905308307349505
2014,fall,exam1,s9019cc55,StarLine,4,4,20.12727272727273,0.2905308307349505
2014,fall,exam1,sb254b04f,StarLine,4,4,20.12727272727273,0.2905308307349505
2014,fall,exam1,sbc1c354a,StarLine,4,4,20.12727272727273,0.2905308307349505
2014,fall,exam1,sc27f5411,StarLine,4,4,20.12727272727273,0.2905308307349505
2014,fall,exam1,sc65dd368,StarLine,4,4,20.12727272727273,0.2905308307349505
2014,fall,exam1,sdd6461af,StarLine,4,4,20.12727272727273,0.2905308307349505
2014,fall,exam1,se6b34a87,StarLine,4,4,20.12727272727273,0.2905308307349505
2014,fall,exam1,se6c844d8,StarLine,4,4,20.12727272727273,0.2905308307349505
2014,fall,exam1,se6e4a2eb,StarLine,4,4,20.12727272727273,0.2905308307349505
2014,fall,exam1,sefe1db47,StarLine,4,4,20.12727272727273,0.2905308307349505
2014,fall,exam1,sf940327c,StarLine,4,4,20.12727272727273,0.2905308307349505
2014,fall,exam1,sfbb08d7,StarLine,4,4,20.12727272727273,0.2905308307349505
2014,fall,exam1b,sde957452,StarLine,4,4,20.12727272727273,0.2905308307349505
2013,fall,quiz5,s1ca6c9e5,Target,13,13,79.18181818181819,-0.5364397728400772
2013,fall,quiz5,s1f00f8e9,Target,13,13,85.36363636363636,0.1695841862526676
2013,fall,quiz5,s3f27df0f,Target,13,13,81.0,-0.3287856672245642
2013,fall,quiz5,s7c1c9d2e,Target,13,13,78.72727272727273,-0.5883532992439553
2013,fall,quiz5,s8d81cf8b,Target,13,13,86.54545454545455,0.304559354902752
2013,fall,quiz5,s985b5480,Target,13,13,77.45454545454545,-0.7337111731748157
2013,fall,quiz5,sbe8b1628,Target,13,13,78.9090909090909,-0.5675878886824051
2013,fall,quiz5,scad74c3a,Target,13,13,102.54545454545456,2.131915484319272
2013,fall,quiz5,sd9c4ec42,Target,13,13,102.1818181818182,2.09038466319617
2013,fall,quiz5,sea639169,Target,13,13,80.27272727272727,-0.4118473094707703
2013,fall,quiz5,sed334770,Target,13,13,76.27272727272727,-0.8686863418249
2013,fall,quiz5,sf1424e10,Target,13,13,78.0909090909091,-0.6610322362093854
2013,fall,midterm1,s185bfebd,TinyTweet,10,10,10.1,-0.3636892677413408
2013,fall,midterm1,s1a555e8d,TinyTweet,10,10,12.15,0.1582048314674833
2013,fall,midterm1,s1ca6c9e5,TinyTweet,10,10,8.25,-0.8346668694663769
2013,fall,midterm1,s1f00f8e9,TinyTweet,10,10,17.05,1.405659019820282
2013,fall,midterm1,s3551f054,TinyTweet,10,10,9.4,-0.5418970089345976
2013,fall,midterm1,s3752a3d2,TinyTweet,10,10,21.3,2.487634591350771
2013,fall,midterm1,s3b5db8f5,TinyTweet,10,10,7.4,-1.0510619837724746
2013,fall,midterm1,s3f27df0f,TinyTweet,10,10,8.35,-0.8092086207244832
2013,fall,midterm1,s6c6b85b5,TinyTweet,10,10,10.1,-0.3636892677413408
2013,fall,midterm1,s74c23a2a,TinyTweet,10,10,9.7,-0.4655222627089163
2013,fall,midterm1,s7dfc8641,TinyTweet,10,10,16.45,1.2529095273689186
2013,fall,midterm1,s8d81cf8b,TinyTweet,10,10,11.4,-0.0327320340967205
2013,fall,midterm1,s9bd61dd,TinyTweet,10,10,20.25,2.220322979560885
2013,fall,midterm1,s9c2e126f,TinyTweet,10,10,8.25,-0.8346668694663769
2013,fall,midterm1,sa1918ccc,TinyTweet,10,10,7.8,-0.9492289888048994
2013,fall,midterm1,sabe62f19,TinyTweet,10,10,10.95,-0.1472941534352431
2013,fall,midterm1,sbe8b1628,TinyTweet,10,10,9.5,-0.5164387601927038
2013,fall,midterm1,scad74c3a,TinyTweet,10,10,12.85,0.3364125726607401
2013,fall,midterm1,sce9b742f,TinyTweet,10,10,10.25,-0.3255018946284999
2013,fall,midterm1,sd9c4ec42,TinyTweet,10,10,12.75,0.3109543239188463
2013,fall,midterm1,sef2a3ebc,TinyTweet,10,10,7.85,-0.9364998644339524
2013,spring,quiz8,s23f81012,TkFractal,10,10,0.3,-0.3061862178478974
2013,spring,quiz8,s2ccaa61c,TkFractal,10,10,0.3,-0.3061862178478974
2013,spring,quiz8,s407c0b0f,TkFractal,10,10,0.3,-0.3061862178478974
2013,spring,quiz8,s568e6c7b,TkFractal,10,10,0.3,-0.3061862178478974
2013,spring,quiz8,s57c38b49,TkFractal,10,10,0.3,-0.3061862178478974
2013,spring,quiz8,s5bd13671,TkFractal,10,10,0.3,-0.3061862178478974
2013,spring,quiz8,s5fd2eeb1,TkFractal,10,10,4.1,3.9804208320226633
2013,spring,quiz8,s6c8bfc2f,TkFractal,10,10,0.3,-0.3061862178478974
2013,spring,quiz8,s764d3697,TkFractal,10,10,0.3,-0.3061862178478974
2013,spring,quiz8,s7685a175,TkFractal,10,10,0.3,-0.3061862178478974
2013,spring,quiz8,s7ccd28a3,TkFractal,10,10,0.3,-0.3061862178478974
2013,spring,quiz8,s81792444,TkFractal,10,10,0.3,-0.3061862178478974
2013,spring,quiz8,s830be0cb,TkFractal,10,10,0.3,-0.3061862178478974
2013,spring,quiz8,sb069dfe6,TkFractal,10,10,0.3,-0.3061862178478974
2013,spring,quiz8,scb538af7,TkFractal,10,10,2.2,1.8371173070873836
2013,spring,quiz8,sdb4c4aed,TkFractal,10,10,0.3,-0.3061862178478974
2013,spring,quiz8,sea449dee,TkFractal,10,10,0.3,-0.3061862178478974
2013,spring,quiz8,sed47133e,TkFractal,10,10,0.3,-0.3061862178478974
2013,spring,quiz8,sef55ce71,TkFractal,10,10,0.3,-0.3061862178478974
2013,spring,quiz8,sfb7d4ca7,TkFractal,10,10,0.3,-0.3061862178478974
2013,spring,quiz8,sfed34002,TkFractal,10,10,0.3,-0.3061862178478974
2013,spring,quiz5,s111f453,Towers,9,9,46.4,-0.5055900336607242
2013,spring,quiz5,s23f81012,Towers,9,9,47.6,-0.2700841399777245
2013,spring,quiz5,s45d6d438,Towers,9,9,46.6,-0.4663390513802238
2013,spring,quiz5,s57c38b49,Towers,9,9,42.65,-1.2415459514200964
2013,spring,quiz5,s5abb4733,Towers,9,9,54.35,1.0546365119891454
2013,spring,quiz5,s663f70e4,Towers,9,9,50.3,0.2598041208090226
2013,spring,quiz5,s6d684e40,Towers,9,9,54.2,1.0251982752787707
2013,spring,quiz5,s74625dd,Towers,9,9,44.05,-0.9667890754565976
2013,spring,quiz5,s9c94a8aa,Towers,9,9,48.5,-0.0934547197154754
2013,spring,quiz5,s9d049cf5,Towers,9,9,45.35,-0.7116576906333478
2013,spring,quiz5,sa2374186,Towers,9,9,56.05,1.3882698613733933
2013,spring,quiz5,sa8337da7,Towers,9,9,57.65,1.7022777196173924
2013,spring,quiz5,sad8416a9,Towers,9,9,42.85,-1.202294969139596
2013,spring,quiz5,saffd1abc,Towers,9,9,45.7,-0.6429684716424728
2013,spring,quiz5,scb538af7,Towers,9,9,48.0,-0.1915821754167251
2013,spring,quiz5,sd51cb744,Towers,9,9,48.4,-0.1130802108557257
2013,spring,quiz5,sed47133e,Towers,9,9,59.95,2.153664015843141
2013,spring,quiz5,sf3e641eb,Towers,9,9,45.25,-0.7312831817735981
2013,spring,quiz5,sfb7d4ca7,Towers,9,9,46.35,-0.5154027792308485
2013,spring,quiz5,sfe2341ab,Towers,9,9,55.45,1.2705169145318949
2013,spring,quiz5,sfed34002,Towers,9,9,42.85,-1.202294969139596
2013,spring,quiz1,s18f746e0,Triangles,7,7,3.7560975609756095,-0.4136197290587642
2013,spring,quiz1,s23f81012,Triangles,7,7,3.4390243902439024,-0.534387842463088
2013,spring,quiz1,s29d1098c,Triangles,7,7,10.268292682926829,2.066771523168501
2013,spring,quiz1,s2ccaa61c,Triangles,7,7,3.4390243902439024,-0.534387842463088
2013,spring,quiz1,s407c0b0f,Triangles,7,7,4.0,-0.3207211802862074
2013,spring,quiz1,s418802b8,Triangles,7,7,4.902439024390244,0.0230034501722526
2013,spring,quiz1,s45820bee,Triangles,7,7,3.317073170731707,-0.5808371168493663
2013,spring,quiz1,s45d6d438,Triangles,7,7,4.0,-0.3207211802862074
2013,spring,quiz1,s564281ce,Triangles,7,7,4.219512195121951,-0.2371124863909062
2013,spring,quiz1,s57c38b49,Triangles,7,7,6.243902439024391,0.5339454684213153
2013,spring,quiz1,s5bd13671,Triangles,7,7,3.317073170731707,-0.5808371168493663
2013,spring,quiz1,s5fd2eeb1,Triangles,7,7,3.7560975609756095,-0.4136197290587642
2013,spring,quiz1,s663f70e4,Triangles,7,7,12.634146341463415,2.9678874462623024
2013,spring,quiz1,s6c8bfc2f,Triangles,7,7,10.21951219512195,2.04819181341399
2013,spring,quiz1,s6d684e40,Triangles,7,7,3.317073170731707,-0.5808371168493663
2013,spring,quiz1,s70c07b9e,Triangles,7,7,3.7560975609756095,-0.4136197290587642
2013,spring,quiz1,s74625dd,Triangles,7,7,6.7317073170731705,0.7197425659664284
2013,spring,quiz1,s764d3697,Triangles,7,7,3.317073170731707,-0.5808371168493663
2013,spring,quiz1,s7ccd28a3,Triangles,7,7,3.4390243902439024,-0.534387842463088
2013,spring,quiz1,s81792444,Triangles,7,7,3.7560975609756095,-0.4136197290587642
2013,spring,quiz1,s9c94a8aa,Triangles,7,7,3.4390243902439024,-0.534387842463088
2013,spring,quiz1,s9d049cf5,Triangles,7,7,3.317073170731707,-0.5808371168493663
2013,spring,quiz1,sb7db06e9,Triangles,7,7,3.4390243902439024,-0.534387842463088
2013,spring,quiz1,sbe8b1628,Triangles,7,7,3.4390243902439024,-0.534387842463088
2013,spring,quiz1,sc2ea6ca8,Triangles,7,7,3.7560975609756095,-0.4136197290587642
2013,spring,quiz1,sc34ad8cd,Triangles,7,7,3.317073170731707,-0.5808371168493663
2013,spring,quiz1,sca85c16d,Triangles,7,7,3.317073170731707,-0.5808371168493663
2013,spring,quiz1,scb538af7,Triangles,7,7,10.878048780487806,2.299017895099894
2013,spring,quiz1,sd51cb744,Triangles,7,7,3.317073170731707,-0.5808371168493663
2013,spring,quiz1,sd5a90a5d,Triangles,7,7,12.0,2.7263512194536546
2013,spring,quiz1,sd9363351,Triangles,7,7,3.7560975609756095,-0.4136197290587642
2013,spring,quiz1,sdb4c4aed,Triangles,7,7,3.7560975609756095,-0.4136197290587642
2013,spring,quiz1,sddb081b4,Triangles,7,7,3.317073170731707,-0.5808371168493663
2013,spring,quiz1,sea449dee,Triangles,7,7,3.317073170731707,-0.5808371168493663
2013,spring,quiz1,sed47133e,Triangles,7,7,3.317073170731707,-0.5808371168493663
2013,spring,quiz1,sef55ce71,Triangles,7,7,3.4390243902439024,-0.534387842463088
2013,spring,quiz1,sf0f03a1e,Triangles,7,7,4.2682926829268295,-0.2185327766363948
2013,spring,quiz1,sf3e641eb,Triangles,7,7,5.2682926829268295,0.1623512733310879
2013,spring,quiz1,sf6f33c5f,Triangles,7,7,9.682926829268292,1.843815006114365
2013,spring,quiz1,sfb7d4ca7,Triangles,7,7,4.0,-0.3207211802862074
2013,spring,quiz1,sfe2341ab,Triangles,7,7,3.4390243902439024,-0.534387842463088
2013,spring,quiz1,sfed34002,Triangles,7,7,3.7560975609756095,-0.4136197290587642
2013,spring,quiz2,s189f9c70,TriSpiral,7,7,10.869565217391305,1.6755288520125335
2013,spring,quiz2,s18f746e0,TriSpiral,7,7,4.260869565217392,-0.8397008430447339
2013,spring,quiz2,s23f81012,TriSpiral,7,7,5.043478260869565,-0.541844694945847
2013,spring,quiz2,s27774cef,TriSpiral,7,7,4.260869565217392,-0.8397008430447339
2013,spring,quiz2,s29d1098c,TriSpiral,7,7,5.782608695652174,-0.2605361106302316
2013,spring,quiz2,s2ccaa61c,TriSpiral,7,7,6.521739130434782,0.0207724736853837
2013,spring,quiz2,s407c0b0f,TriSpiral,7,7,7.282608695652174,0.310354839892635
2013,spring,quiz2,s418802b8,TriSpiral,7,7,7.3478260869565215,0.3351761855675422
2013,spring,quiz2,s45d6d438,TriSpiral,7,7,19.17391304347826,4.83611353461739
2013,spring,quiz2,s564281ce,TriSpiral,7,7,5.0,-0.5583922587291186
2013,spring,quiz2,s568e6c7b,TriSpiral,7,7,5.5,-0.3680952752214963
2013,spring,quiz2,s57c38b49,TriSpiral,7,7,11.956521739130435,2.0892179465943213
2013,spring,quiz2,s5abb4733,TriSpiral,7,7,5.782608695652174,-0.2605361106302316
2013,spring,quiz2,s5bd13671,TriSpiral,7,7,4.260869565217392,-0.8397008430447339
2013,spring,quiz2,s5fd2eeb1,TriSpiral,7,7,8.347826086956522,0.7157701525827866
2013,spring,quiz2,s663f70e4,TriSpiral,7,7,6.391304347826087,-0.0288702176644306
2013,spring,quiz2,s6d684e40,TriSpiral,7,7,4.8478260869565215,-0.6163087319705689
2013,spring,quiz2,s74625dd,TriSpiral,7,7,4.8478260869565215,-0.6163087319705689
2013,spring,quiz2,s764d3697,TriSpiral,7,7,9.130434782608695,1.0136263006816737
2013,spring,quiz2,s7ccd28a3,TriSpiral,7,7,7.5,0.3930926588089925
2013,spring,quiz2,s7fe50145,TriSpiral,7,7,5.652173913043479,-0.3101788019800456
2013,spring,quiz2,s81792444,TriSpiral,7,7,5.630434782608695,-0.3184525838716819
2013,spring,quiz2,s830be0cb,TriSpiral,7,7,6.043478260869565,-0.1612507279306025
2013,spring,quiz2,s9848f569,TriSpiral,7,7,6.565217391304348,0.0373200374686552
2013,spring,quiz2,s9c94a8aa,TriSpiral,7,7,4.260869565217392,-0.8397008430447339
2013,spring,quiz2,s9d049cf5,TriSpiral,7,7,4.260869565217392,-0.8397008430447339
2013,spring,quiz2,sa2374186,TriSpiral,7,7,5.826086956521739,-0.24398854684696
2013,spring,quiz2,sa6af7077,TriSpiral,7,7,11.782608695652174,2.023027691461235
2013,spring,quiz2,sad8416a9,TriSpiral,7,7,6.760869565217392,0.1117840744933771
2013,spring,quiz2,sb069dfe6,TriSpiral,7,7,5.0,-0.5583922587291186
2013,spring,quiz2,sb5140be1,TriSpiral,7,7,7.695652173913044,0.4675566958337144
2013,spring,quiz2,sb7db06e9,TriSpiral,7,7,5.0,-0.5583922587291186
2013,spring,quiz2,sbb84155e,TriSpiral,7,7,5.782608695652174,-0.2605361106302316
2013,spring,quiz2,sc07e0f8a,TriSpiral,7,7,6.391304347826087,-0.0288702176644306
2013,spring,quiz2,sc34ad8cd,TriSpiral,7,7,4.260869565217392,-0.8397008430447339
2013,spring,quiz2,sca85c16d,TriSpiral,7,7,5.043478260869565,-0.541844694945847
2013,spring,quiz2,scb538af7,TriSpiral,7,7,5.804347826086956,-0.252262328738596
2013,spring,quiz2,sd51cb744,TriSpiral,7,7,4.695652173913044,-0.6742252052120189
2013,spring,quiz2,sd9363351,TriSpiral,7,7,4.260869565217392,-0.8397008430447339
2013,spring,quiz2,sdb4c4aed,TriSpiral,7,7,4.8478260869565215,-0.6163087319705689
2013,spring,quiz2,sddb081b4,TriSpiral,7,7,4.8478260869565215,-0.6163087319705689
2013,spring,quiz2,sed47133e,TriSpiral,7,7,5.3478260869565215,-0.4260117484629466
2013,spring,quiz2,sef55ce71,TriSpiral,7,7,7.130434782608695,0.2524383666511847
2013,spring,quiz2,sf0f03a1e,TriSpiral,7,7,7.608695652173913,0.4344615682671712
2013,spring,quiz2,sf3e641eb,TriSpiral,7,7,8.173913043478262,0.649579897449701
2013,spring,quiz2,sfb7d4ca7,TriSpiral,7,7,5.391304347826087,-0.4094641846796751
2013,spring,quiz2,sfe2341ab,TriSpiral,7,7,5.782608695652174,-0.2605361106302316
2013,spring,quiz8,s111f453,TurtleFractal,10,10,0.12,-0.2727272727272727
2013,spring,quiz8,s23f81012,TurtleFractal,10,10,0.12,-0.2727272727272727
2013,spring,quiz8,s29d1098c,TurtleFractal,10,10,0.12,-0.2727272727272727
2013,spring,quiz8,s2cb5a351,TurtleFractal,10,10,0.12,-0.2727272727272727
2013,spring,quiz8,s45d6d438,TurtleFractal,10,10,0.12,-0.2727272727272727
2013,spring,quiz8,s568e6c7b,TurtleFractal,10,10,0.12,-0.2727272727272727
2013,spring,quiz8,s57c38b49,TurtleFractal,10,10,0.12,-0.2727272727272727
2013,spring,quiz8,s663f70e4,TurtleFractal,10,10,0.12,-0.2727272727272727
2013,spring,quiz8,s6c8bfc2f,TurtleFractal,10,10,0.12,-0.2727272727272727
2013,spring,quiz8,s7ccd28a3,TurtleFractal,10,10,0.12,-0.2727272727272727
2013,spring,quiz8,s7fe50145,TurtleFractal,10,10,0.12,-0.2727272727272727
2013,spring,quiz8,s81792444,TurtleFractal,10,10,0.12,-0.2727272727272727
2013,spring,quiz8,sa2374186,TurtleFractal,10,10,0.12,-0.2727272727272727
2013,spring,quiz8,sad8416a9,TurtleFractal,10,10,0.12,-0.2727272727272727
2013,spring,quiz8,sae45b238,TurtleFractal,10,10,0.12,-0.2727272727272727
2013,spring,quiz8,sb069dfe6,TurtleFractal,10,10,0.12,-0.2727272727272727
2013,spring,quiz8,sbe8b1628,TurtleFractal,10,10,0.12,-0.2727272727272727
2013,spring,quiz8,scb538af7,TurtleFractal,10,10,2.04,4.454545454545454
2013,spring,quiz8,sd51cb744,TurtleFractal,10,10,0.12,-0.2727272727272727
2013,spring,quiz8,sd9363351,TurtleFractal,10,10,1.08,2.090909090909091
2013,spring,quiz8,sdb4c4aed,TurtleFractal,10,10,0.12,-0.2727272727272727
2013,spring,quiz8,sed47133e,TurtleFractal,10,10,0.12,-0.2727272727272727
2013,spring,quiz8,sef55ce71,TurtleFractal,10,10,0.12,-0.2727272727272727
2013,spring,quiz8,sf0f03a1e,TurtleFractal,10,10,0.12,-0.2727272727272727
2013,spring,quiz8,sfb7d4ca7,TurtleFractal,10,10,0.12,-0.2727272727272727
2013,spring,quiz8,sfed34002,TurtleFractal,10,10,0.12,-0.2727272727272727
2013,fall,midterm1,s1ca6c9e5,TurtlePath,10,10,18.33333333333333,-0.3841855599100793
2013,fall,midterm1,s1f23c370,TurtlePath,10,10,19.08333333333333,-0.1638438417263583
2013,fall,midterm1,s2f86ca57,TurtlePath,10,10,25.0,1.5744074906118863
2013,fall,midterm1,s3b5db8f5,TurtlePath,10,10,18.0,-0.4821152124361761
2013,fall,midterm1,s3f27df0f,TurtlePath,10,10,25.166666666666668,1.6233723168749357
2013,fall,midterm1,s73d002a2,TurtlePath,10,10,16.166666666666668,-1.020728301329716
2013,fall,midterm1,s74c23a2a,TurtlePath,10,10,21.916666666666668,0.6685582047454781
2013,fall,midterm1,s8d81cf8b,TurtlePath,10,10,17.583333333333332,-0.6045272780937992
2013,fall,midterm1,s9bd61dd,TurtlePath,10,10,24.416666666666668,1.4030305986912148
2013,fall,midterm1,s9fb8e2c9,TurtlePath,10,10,14.333333333333334,-1.5593413902232562
2013,fall,midterm1,scad74c3a,TurtlePath,10,10,18.75,-0.2617734942524552
2013,fall,midterm1,sea639169,TurtlePath,10,10,16.083333333333332,-1.0452107144612413
2013,fall,midterm1,sf1424e10,TurtlePath,10,10,20.5,0.2523571815095604
